20
 91  94 -76 -67 -55  12  71  36 -45  56  95  38  61  97  93 -10  55  91   2  -8 -30
-18 -84  82  41  69 -50  52 -96 -11 -74  71 -40 -74 -96   5  14  52 -82  68 -15 -86
-16 -53 -89 -46  36  42 -54 -61 -66  -8  -3 -74 -26 -62  72   0  66  75  66  68  46
-74  70  26   7 -15 -45   2 -70  40  15  13  86   2  44  -1 -56  89  14 -23 -42 -88
-21   9 -74 -49  85  69 -74  51  37  48  54 -15 -48 -62  69   6  39  75 -54 -69 -34
-21   9 -74 -49  85  69 -74  51  37  48  54 -15 -48 -62  69   6  39  75 -54 -69  89
 79  37 -99  25 -56  39   1 -34  70  43 -25 -21  52  59 -91   4  57 -86  13  44 -25
-68  33 -89  12  -9  48  43  85 -89   6  42  48   6 -33  68 -78  44 -66  68 -13 -15
-52 -84 -56 -67  19  78 -54 -67  -1  -2 -59 -68 -15  52  -1 -67 -28 -39 -80  54 -97
 44 -63 -53  12 -64  67  23 -96 -45 -92 -72 -30 -71 -40  66 -93 -17  75   5  80 -84
 13 -35  44 -88 -26  92 -51  -7  24 -48 -62  60 -25  26  95 -58 -74  76  -4 -89 -96
 43 -84 -36 -14 -78  46 -39   3  26 -24  92  90  96  80 -59  88 -71  33  12 -43  47
-50  31 -49 -78  73 -47  97 -54 -37 -98  65 -22 -58 -72 -24  64 -12  55 -10  40  47
-43  36  27  -3  25  56 -93 -86 -87  31 -37  21  81 -15  -6 -89 -41  16 -49 -63 -41
  5 -22 -14  81 -58  74  13   8  14 -39  41 -72  87 -85  29  20 -78  42  10  29  82
-69  10 -56   1  20   2  93  47  39 -48 -47  93  38 -66 -64 -11  46  20 -97  83 -38
-93  48 -24  35 -32 -26 -22  54 -97 -63  84 -11 -20 -38  86  81 -44  33  -3   7  85
 -9 -78 -81   3  10  42  99 -10  25 -39  -4 -50  37 -68  18  87 -14 -51  90  22 -89
-21  78 -28 -35  59   4  98 -66 -88  83   1 -67  79  80  20  -2  79 -90 -77 -59   5
-27  54  13  67  41  75  92  31  -3 -97 -89 -25 -48 -48 -88  55 -50 -78  66 -89  22
