50
 11783  -8275  -2268 -12795 -95068  64862  34146 -51597 -99433  92349 -79329  72984 -25848  35611  17080    350 -36299  94066  48643  43759  80849  11993 -40017 -64660 -99517 -32382 -99448  27945   5043  90361  68804 -83174  87700  72150 -90355  92632  37012  43791  46649 -56807  36140  67320 -83822  15907   2931 -61128 -83743 -27754 -67061 -29485  21619 
 19402  82507  81601 -39644 -11396 -50780 -39093  22163 -40123  56883  96581  82316 -49802  68731  91960 -57170 -88641 -58634  -4906 -45449 -16879  68028  76342  99027  76573 -84785 -84716  54433  53767 -14202 -23948  78783  73920 -42347 -60860  68138 -87513 -94339  -9698  77977  62543 -13117  60293  18356 -44385 -42131 -33200 -33027   -766  61893 -72862 
 82354 -64464   9095 -13004 -87891  24309 -92105  66541  83690  99306 -57407  62473 -21159 -94139   7227 -53020  23961 -81497  37281   1939 -13340  29778  67846 -94984  -8993 -74285 -28184  57979 -69436  39323  -9268  18532  74859  99826 -94471  86967 -70250 -86577  53509 -86560  18343   1716 -18473  97184 -86809  -5631 -55836  37152  12871 -12941  44705 
 99530 -83163 -81834 -95453   7844 -56119  81976  71437  80058  21299  67783  -1410  -3842  67609 -90267 -16874   2973  28769  42249 -77973 -52887 -56035   3554 -55703 -42844   3537  94074    -78 -83592 -18867  50241  21552 -96416  68406  26098 -82958  17901 -86311  88479  -2041  34988 -38123  96549 -68854  35101  11896  14271 -61926 -59334 -43480 -39899 
-12222 -93900 -30731 -62311  68869  72805 -68237 -31209  -5173  12895  24646 -83621  16478  -6948 -51908  33520 -89046 -38220 -72386   8912   2382 -10510 -88924  33528  30205  22972 -52201  68279  63637 -90066 -71620  57029 -83967 -96737  94717  84901 -18318 -73520 -46308 -17877 -55011 -16048 -95884  61466  77003  57821 -99399  87956  25216  33828 -97516 
-72402  28933  19173  61125 -40862  47759 -91075 -72583  11396 -81142  61410  74039 -65110 -29713  68756 -80209  51968    850  79096 -65909  45838 -36952 -61793 -87080  45665  96027 -86480 -60763  21243  47348  47334  48841  81895 -33493   9966 -58967 -85733 -75495 -31550 -68723  48976  35474 -94683 -10520 -94238 -20313 -85115 -36656  80537  93980  -2565 
-68010  62642 -58744 -55091 -86077  42897  64043 -46841 -35859  11391 -99507  18596  98900  72613  34176 -60067  -7506 -35704 -86003  23771 -86728  49471 -65298   2752 -39153 -79997  17636  24190   6154 -82768  27239  38144 -14512  68494  83052   -590  11392  47095 -41817 -18853  64100  64289   5357  63000 -57482  45147   8548  35011 -90557  22544 -41218 
-77285  77629  99097 -68919  44090 -80899  48716 -31719  25254  65947   1134  69012  57050 -30371  52065  62074 -13365 -95225 -79742 -26604 -25510  -9839 -15633 -62510  32678 -70486 -48348 -32310 -61043  74196 -67914  67285 -42560  36798  98365 -98469  55898  47081 -30189  86766 -81356 -23441  55779 -18692  46187 -86541 -56618  38436 -81767  69253  17446 
 -7278 -40585 -98187 -64173  92092 -68673  93092  65396  75897  67288  97482  43182 -75271 -60105  41547  31873  95792  94242   7298 -11827  18500  83856  49566  99807 -64341  63024  48804  74094 -13128  18057  97155 -14792  77471  98967  21034 -24821  35908 -80258 -59425  11805  87029  43671  60601  17372  83565 -92237 -50755 -15028   7620  56542  73145 
-73880 -53986  22711  31542 -18328  91350  85960 -44234 -21778   4017  58535  63429 -18511 -36882  90078 -37718  99025 -90180   2856 -83554   2463  52142 -17339 -80164  35707  -9576  74694  26294  98043 -63148 -94946  29777 -17135  27764  66933 -29849 -75271  52893 -68469   2950 -43089  90066 -33620 -55986 -46816 -43542 -88090  57823  71891  14765  74268 
-25646  72521 -43070  99803 -86156 -47032 -19887  40137  56625  16964  45190  92016   5443  78568  58950  75593 -96702 -82542 -92876   6247  79982   2804 -21759  29610  55987 -59687  41519  13811 -87796  61899  93693 -13442  34420 -49377  91975 -46122 -90795 -27912  94014  65829  89051  39204  57846 -99891 -76612 -77589 -18684 -73315  45482  94054 -61454 
 25465  -3142 -77598  60689 -47154 -37286 -92176 -27729 -25082  69722 -34036 -32910 -90243 -77798 -40935 -36365 -68594  31153  63263   2850 -74181 -91917  66310  31542 -68530  88720 -87142  63768 -60183 -93088   7928 -29104   3770  30329 -68414 -37770  93043 -60591  34500  73575  14745 -99536  46279 -69884 -77335  10958  -6250  59685  47725  62628 -37465 
-20841  70710 -71155 -89299 -97820  23179  29172 -28438  62995  36084  79489  39506  45468   9819 -23294  13312 -91523 -78271 -52188 -12334  36473  53889 -66055  66588 -17831 -49483  65953  47468  98242  28581 -89997 -22599   -709  44461  93715 -92915 -32360  22887 -21354  36249  64585 -41865  81369  10053 -26432 -41925  28979  87658 -20197 -17595 -24676 
 21890  41909 -85117  94093 -75922 -34600 -34339  71545  69256  94241 -12838  52271  99146 -68377  45986  11845 -95123  74487  -3895 -53260  39073 -40146 -71890  54740  33422 -13816 -16280  21080 -28398  66124   2019  93491   8033  16901  87584 -62275 -12085 -46755  14884 -42829  53100   7660  15056 -42139  39282 -38958  69705 -50227  41144  71424  -3487 
-19783 -68721 -69763 -65043  64700 -77965 -75709  91394  -6364  90415  -6587 -12872 -95937  15929  80326  47402 -96156  39186  67900  66629  97900 -24439 -18315 -44238  20457 -51658  31081  70230  89485   2506  72357 -30298 -60601 -97406 -89727 -95901 -75372 -65436   1107 -76121  30593  94520  11006 -59730  10449  96946  87671 -80093 -58253 -38813  86535 
-60352  36747 -31779 -98976 -42796  16562 -62281  33048 -88338 -54161 -88980 -18637 -14763 -86387  -8365  94949  43855 -68187  -3943  67733  62405  96191  84353 -97324   6640 -13086  -4039 -67839  28661  57147 -81303 -26077  -6106  92531 -25054 -43287 -85292 -81721  -4625 -73631 -35882   6395   7731 -45031  20007   4980 -50081  69476  36793  45975  37209 
  -802  42166  21562 -92512  54420 -91523   3449  -7805 -57248 -39404  10891  16674 -39895   3422  -2766  16817  18129  15512 -87808  44497  79629  18586  57842  40213  44208 -37177  90131  13684   5230 -58279  56508 -95572 -10499  83684 -88084  49535  -2225 -79021 -58270  40526 -18426  52621  62814  41678  61657 -39952 -41505  85401  75560  76301 -64487 
-39196 -99498  93355 -98983 -49676  61792  -3238  64008 -32978  38482 -73869  77063 -72017 -90185  -5407 -16868   7590  15571  24862  53730   2760  83097  16545 -55562  44754 -17793 -91452 -64230  63381  84848 -28717 -75814  -9036  70252  30816  41288 -62341 -72421 -89089 -89705 -28325 -62959  -7028 -94727  52469  -6820 -11596  65673 -91249 -86734 -74981 
 11510  96362  41563 -38437 -53268  29384 -29890  88115  -7234  60572 -40602  16951 -48464  35264  53381  -1562 -21463 -13426   9348 -11169  58249 -47997 -12582  63521 -95527  80597  57539  70145  89347  70805  95163 -93527 -27218 -57659 -31965 -74872  71725 -56241 -86756  70105 -95669  78255 -12944  61480 -80865  46051 -40081  -2329 -67374  69266  -7883 
 -3511 -78730  79534  65624 -74258  60131  23163   1501 -44907  99582 -97720 -38435  77979  50234 -64786 -96893 -72426 -21028  21964  97678 -16698    220  90348 -55217  19354  36400   4701  22639 -25360 -26033 -85244  71128 -99149  94289  36752  32206  54420  65529 -66292 -90486 -29273  41601  76692 -51294  -8165 -88093 -48188  19409  -9122  73776  17087 
 74180  79610   7436  24577 -95421 -56164  34892  27217 -75910 -91141  41973  95217  15324 -58123 -62416 -52470   1912   8727  86851 -82960  79453  28452  93731 -71841 -79712 -94362  85585  39696 -97869 -35024  62397 -18075 -55414 -30167 -93498  54778 -80717  41393 -18005 -56628 -44134  29582  44203  71189 -22926 -12599  24334  78985  96128  11185  96024 
-18804 -60362  89755   9355  65539   1008 -99445 -89150   3138 -34470  73246  85062 -84270  48694  -2822  70507  67976 -61429  58116  16963 -99949  93313  66780  71240 -29613 -45818 -98811 -50628  55924  12373 -54604 -62880 -42375  40765  46474 -76836 -58227 -47357  39627  44910  18172  12874 -64413 -60484 -38432  32764  15637  35158 -23051  79368  57735 
-23000  72681  24516  53854 -56932 -15688  55042  98053 -59764 -32585  49063 -22645 -69345 -10172  29444 -46182 -62784  82086  93445 -12260 -94126 -88066  23327 -54611  79115 -43909 -33359 -80112  33040 -53991  77623  15654 -81310 -92246 -30492  67371  -7935 -75450  65424  32300  97578  14487  15269 -71767   9929 -55287 -17949  47144 -73200  81110 -65115 
-67327  -1342 -36174  83675 -22227 -74469 -49684 -96725  58570  -3676 -13488  79838 -79372  -5735 -50654  87998  -8056 -26105 -40963  29858 -28526 -20862 -54872   -294  89067 -10160 -12629 -58174  16639  74095  82324  49311  78367 -53850 -61398  61754 -28319 -11083  65029  35865  -9144 -48459  15704  11483 -48579  65049 -94903  43364  44559 -35867 -26777 
-83967 -51114  18350 -78647  43567 -91810 -85661  -8993  24829  -5952 -26668  79754 -27584  19481 -81644 -65830  -3224 -87112  99198  38256   3743  56354 -46040 -84774 -92225  24623  25936  51138 -30818  -4316 -75639  90828  44569 -51675  17796 -11864 -43485 -62251 -15243 -13042  31796  58088  72326 -95788  83184  -3703  43996 -20040   9184 -51191 -81784 
 18541 -94837  77789  33766 -87063   2413 -40297 -30310 -22791  55386  99664  73652 -94430 -52010  97062  99319 -89881 -65189 -15924  -2924  66606 -57835  75016  70818 -74651 -28687 -79571 -89077 -13889 -30763  34753 -95348 -25600  12542 -55967  92950  20569 -90650  68254   3393 -29650  67919 -22955 -24081  21523 -25893 -24762  31641   8917  59313  34331 
 81137   7092   9347 -42430 -61945 -13725 -22002  54592 -22000  47235 -10655 -17348 -78365 -98113 -67701  20199 -71929 -58352 -11546  31463  11997  61987 -91492  87915 -16490  88228  68767 -84849 -97240 -66305 -44904  83896 -53598  64442 -58533 -15544  56331  19464 -60952 -65668 -33301 -65993 -77402  93947  41508  60510 -80238  69578 -97842   8215   1041 
-80231 -29798 -84837  13298 -40674   9005 -17935 -25524  11764 -78626 -64814 -98725 -32225  99627 -57259 -42154 -38426 -32180 -97492 -98480  34518 -63485  29731 -65919  78022  -9759 -46158  47600  -7602 -32329  54255 -82219 -56513 -24968  31078   2812  84036 -86857 -17098 -98585  40130  18087 -97311 -92094 -76671  51044 -34249  90516 -81136  73872  92035 
-41004 -89613  21766  -6924  88408 -87993 -47468 -58377 -89981 -74183   1492 -72201 -30697 -17862 -35509 -22271 -33826 -22367 -33755  73202  23378 -10054  75891  31283  13275 -67450   2648 -90594 -48587 -23480 -98558  10408  92521 -71178   9099 -13456  46443  61630  28167 -37924  87447  35273 -10125  62364 -82588  54365  45708  89199  37613 -88047  62402 
-39009   1899 -56092  -2112  20788 -23543 -99464  30193 -66516  82669  31634  43891  75190  60456 -47010 -38265 -87486  20235  -4484 -25411 -86703  36403 -29922  75660  53814  30058  21368 -51371 -32329  33321 -88969 -65724  40834  60552 -62222 -38378  42623  43927  91814  76106  26596 -70936 -74388 -92598  -4866 -21398  74750   7647  98836 -29734  82235 
-87867 -93331 -47686  -6593 -33902  82371  20390  14726  55656  59325 -68629  89931    159  -2463  33323  61780 -59840 -22750 -40791  21880 -96154 -11728  47491  16861  83405  31707  -8389  -8948  30543 -32509  78902 -51710  79774 -68784 -52688 -54128  19201  67701 -33788 -25143 -67359 -96803  70402  32799    733   3725 -99806 -53493  80974  65016  68386 
 -9566 -46711  15877 -92704  42308 -52415 -95479  38975 -16258 -27988  17877 -62353 -48214 -45293 -15042 -96728  73907  58273  75097 -51236  90913  78293  24780 -70673 -20974 -71495 -70480  25532  15093  94535  99532 -94473  53438 -78976  18436  -4253  74222  22957 -65278 -42035    583 -41787 -98774  52368  12919  91797 -38746 -13174  50070 -63649 -58796 
-53402 -85356 -28402 -24076  99283    102 -88942 -69570  20809  11207 -70038 -68050 -35354 -49015  50386 -33993  30822  78957 -93657  -5599 -20460 -35445  -4374  37522 -16912 -12577  98775  69913  43107 -64874  16731  -4681 -50231  88328  71242 -50948  94044 -12086  85095  14853  99120 -84943 -47583  69380  71655   8417 -64613   2477 -12626 -58271  96877 
-27472 -88102  98117  15664  -5015 -14460  14439  70512  34261  49564 -12757 -70420   4947  81185   6436 -40387  75229  94349 -55292  95696   -915  65378  53728 -31535  37034 -37855 -90533  45125 -44866  56809 -52382  27661  68707 -54265 -56674  69306 -63110 -36621  39819  71150  18558  32676   6345 -76495  13862  18395  88732  94705  12745  39054  -3983 
 17444   4433 -50255  85908  47081 -82496  95374  97820 -27363  52184 -54562 -99701 -73494  -8827  49238  95811  28062  18231 -58755 -95173 -63211  73921 -83214  65908  93397  35181  54640  -6283  53540  -6306  -4652 -29016   3741  45092 -43108  56436  62596  57881  54257  40847 -84320  99694 -53240  47799  96481  95997 -50775 -69842 -80156  -9530  40599 
-43368  70005  57384 -77460  63402  -7435 -17206  62733 -53895  76488 -41918 -77297  85843   8788 -20405  42280  76998  43090  -3463  17846 -35616 -98154  64605 -87817   3942 -33782 -38593 -60286 -13939  51876  80312  42692 -72504  37697 -29153  90897  35876  53640  53631 -12404 -64257  17327  10298 -78413 -73885  -4493  63866 -96886  44211  66017  20959 
-91405 -26523  91178 -79223 -16967 -42604  87798  22747  43456 -54711   3059  91763 -27215  46370 -37390  69296  87861 -83750 -71458 -24543 -48007  45868  -8631  79193  71983  -7509 -51326 -19289 -63298  20305   7284 -54703  93781  -1538  71687 -23185  55858 -34900   5176 -95071  10389 -91765   2306  83173 -39780  64915 -41916 -51919 -13220 -13374 -70848 
-55613 -67506 -73865  29194  10091  18625  77867  90801  55327  -1828  -1915   6238  97567  96547  83539  79996 -41980 -51360 -14828 -37052  59028  -6593  65254 -52184  53626 -64216   5899   7321 -71822  -1861  36472 -27436  30633  62606 -98242 -59276  86846 -14761  37140 -52212  83410 -64775  54025  80978 -68228 -56821  60974  95405  -8182 -53853 -41646 
 56460 -54832  29222   9890   4408  65005  21404 -88271  93183 -80457 -46185  71361  50175  22035 -21266  -3486   8881  63972 -66346 -37717  47383  74492 -83692 -66024  11879  65101  94949   7284 -43081  46710  65637  18994  91877 -99526 -71116 -98100  65479  50287  19242 -35723  69830  73056 -64362 -74380 -99293  14371 -72252 -84798 -21656  67015 -22515 
 31341  41508  99406  65316  59001  64507 -34120 -33715 -78573 -87409  37537  40420  10082  38010 -25082  11982 -90896 -74794 -68776 -26620    650   9895 -85367 -68116  10601  29003  65246  25802  12961  32261 -96713  49916  79383   8308  15232  38384 -27185  81112 -95330  99855  93702 -52179  40275   3784  85830  20808  21380  94934  46013  52604  73928 
 52277 -37501  88560  84160 -21286 -76821  49406 -95484 -58246  87282  13417  91670  66665  27339   6902   5050 -99846  93628 -84666 -99990  -7055 -36846 -54101   2344  54598  66706 -76276 -44853 -81666 -18058 -70924  70610  44440  23250 -39614  28768  46428 -90208 -61101  -6203   2688  52315 -14533 -30646  85268  -2017 -19982  85421  -8388  -4649  -8955 
 84556 -35881  36944  92514 -81283 -90735 -83761 -26136 -72401  -1820 -91446  98208  48235  31803  64208 -22997 -21768  74000  15901 -22357 -23312  73830  63109 -48344  59098 -38908  31673  44520 -41682  32638 -64435  48489  96756 -21877  41003  21088 -12612  57241  94951 -79399  61036 -96495  24423   9271 -59078 -11368  86273 -75232  68246   2175   2410 
 50548  81619 -34481 -97795  40718 -67774 -60508  90852  96157 -22255  32031  44646 -25499 -89845  91264   1203 -96843 -45880 -98231 -76243 -84844 -94727  48179  24426  51809 -63189 -83685  76576 -94943 -75896 -21013 -38780 -94277 -49880 -36576  46440 -17655 -91470  37292 -21497 -13726 -30676  28763  60775  85092  20027  67592  88248  74147  69361  17619 
 -5083 -19752 -34202  24958 -67943 -91776  41272 -91366  18894 -29010 -12380  80113 -23288 -56646  49151  28767  25699  57681  71673   9816 -56045  46611  44193  10344  31703  69835 -22063 -74434 -50403 -52702  43184  44513  27545  14597 -30529 -34783 -71565  16357 -26150  47328  87346 -32916 -66943  69673  10437  82207  -1560  41750 -54497 -29887  57180 
-10542  22339   1374  99801 -45958 -28791  83352  85222  20805  36264  28406 -34682 -36190  48617 -59596 -65359  77051 -37625   8490 -70005 -50278 -18812  68665  25009  -2761 -43513 -76551 -61010   1990  99175  96169  -2938  21514 -96842 -97522 -18829 -25634  85830 -33607    785  22094    413 -28282  -8482  54645  12121  26158 -62689  74495  40262  72919 
 29831 -78550  41584  60454 -75696   3686  83902  68907 -94324 -11307 -29309 -91648  15821 -26151 -89171   2606 -46171  96658  68998  54614 -75632  75026 -73668  15885  29671  38452  47658 -27404 -81438 -12080 -54484 -45992 -85015  -7286 -85538  44902  96399   3979  13809   7689  -1714  84499  16040 -85893 -41652  26869 -77672  12177 -70858  -3060 -33209 
-46491 -28034  -6878 -24991   7251  37188 -77333 -14538 -38636 -83799  30977 -79014  36799 -76309 -64552 -18299  25705 -54959  95509 -66606  43326  80009  49434 -36953  43971  81917 -14626  61762 -88941  82314 -71447  70182  59894 -72711 -54809  72760 -29909  73471 -41778 -62930  -4714  89198 -41945 -67914  18503  -6498  13786 -55792 -55843 -85089  83216 
 87482    534  32650  56144 -55495 -79818  47132 -93732  36854  29446  40434   7036  94955 -26662 -42159 -26670  43428 -68688  31551 -13888  26598 -73636  44167 -35702 -49519  43283 -16302 -99696  87440  -1392  83519  74922   4756 -78216 -63319 -45124 -58035  83813  66757  78818 -81126   7191  91469 -86171 -13857 -50690  92772  35186  86236  24323 -78702 
-81551 -43699  65464  88360   6782   8748 -27942 -87300  -3812 -23719  96218  76724  81036 -81998 -86594 -64088  65580   2833 -97331 -49987  21706 -84525  47096 -58850   1617   2021 -66078  42417  93871  58245  63715 -87680  20160  29179   6294  32556  43541  78351  45255  45343  60246 -52912 -72317  41283 -34911  46702 -17191  36283 -50465  91092  -8089 
 71240  12181 -60993 -87610 -86202  41027 -53688 -38170  34898  10171 -74455 -47168  35945 -39662  59125 -31498 -96120 -56908  19371 -45163 -96662  66459 -17481 -49765 -68452 -70779 -61341 -26554 -21245 -70249  65356  55610  41931 -95637 -26386 -38657 -48995 -74460  23172  85902  35710 -45669 -61265  77270  14669   3474 -54228 -75837  46565  65142 -21001 
