10
 20866 -64563  15776 -10066 -87641  69642  46259  33730  21606  74716  53021 
 69091 -28225 -68701 -60226  75701  33641  98589 -99020  76501 -56717  10035 
-30781  85840  87348  16974 -57871 -69476 -29054 -35770 -68185  91811   -334 
-46795  87359 -82360 -77153  33619  51369 -49933 -86050 -89994 -80841 -14275 
-58696  64546 -38574  74944  63136  68020  51445  12033 -21945  26278  -2127 
 71017 -56747  40001   7155 -80187 -95768  38969  17238 -90488  92173   4597 
-72849  20635  43830 -15865  70701  57780  -5860  89859  49119 -58942  54406 
-89455 -83998 -76843  78564 -26939  35189  62234   4953 -66937 -61134  48205 
-21322  46021 -26368  88523 -15010  90869  98035  82778 -98918  30800   3413 
 44911 -85065 -25886 -91694   9074  69588  57424  50131 -70391 -26416 -28253 
