6 18 20
3 10
7
7
3 10
3 10
6 18 20
4 8 10 20
3 10
6 18 20
3 10
3 10
3 10
8 18
6 18 20
7
3 10
10
3 10
6 18 20
6 18 20
6 18 20
6 18 20
6 18 20
6 18 20
5 12
3 10
6 18 20
3 10
6 18 20
3 10
6 18 20
3 9 10 11 12 20
6 18 20
5 6 8
6 18 20
6 18 20
6 18 20
6 18 20
6 18 20
6 18 20
5 6
7
7
7
6 18 20
6 18 20
6 18 20
6 18 20
6 18 20
6 18 20
6 18 20
6 18 20
6 18 20
6 18 20
6 18 20
6 18 20
3 10
3 10
3 10
7
7
10
19 20
7
6 18 20
6 18 20
6 18 20
6 18 20
6 18 20
6 18 20
3 10
3 10
3 10
7
6 8 9
3 10 11 12 13
6 18 20
3 10
6 18 20
3 10
3 10
6 18 20
6 18 20
3 10
3 10
6 18 20
